//image
//gesendet
05 92 00 00 00 00 00 00 00 00 04 50 00 00 00 00 00 00 00 00 00 00 00 00 00 00 00 00 00 00 01 00 00 00 04 00 00 00 02 00
//out
0000   10 00 00 00 01 00 05 92 06 00 00 00 04 50 00 00
0000   0e 00 00 00 02 00 05 92 06 00 00 00 02 00

//image
//gesendet
05 92 00 00 00 00 00 00 00 00 04 50 00 00 00 00 00 00 00 00 00 00 00 00 00 00 00 00 00 00 01 00 00 00 04 00 00 00 02 00
//out

                                 05 92    00      00 00 00 (00 00 00 00) 04 50 00 00

laenge  |          | part |    | opcode | index |          | settingsId
10      | 00 00 00 | 01   | 00 | 05 92  | 07    | 00 00 00 | 04 50 00 00

00 00 00 00 00 00 00 00 00 00 00 00 00 00 00 00 01 00 00 00 04 00 00 00 02 00

laenge  |          | part |    | opcode | index |          | value
0e      | 00 00 00 | 02   | 00 | 05 92  | 07    | 00 00 00 | 02 00

//16 -> 17 -> 18 id (paket x)



//white balance
// 05 92 00 00 00 00 00 00 00 00 05 50 00 00 00 00 00 00 00 00 00 00 00 00 00 00 00 00 00 00 01 00 00 00 04 00 00 00 02 00